
Saved Coefficients
Right eye
x : -435.958714,65.839976,0.000000,-0.656768,0.000000,0.009241,-0.360072,0.030412,-0.000522,0.000000
y : -975.389287,0.695540,57.182130,-0.273028,0.000000,0.000000,-0.090546,0.036850,-0.001025,0.000000
Left eye
x : -461.331364,59.091944,0.000000,-0.505440,0.032487,0.008165,0.000000,0.014575,-0.000524,0.000000
y : -910.377601,0.000000,55.016508,-0.051306,0.000000,0.011614,-0.582824,0.024356,-0.000455,0.000000

Saved Coefficients
Right eye
x : -401.063013,64.243582,0.000000,-0.821660,-0.034259,0.016318,-0.367563,0.022256,0.000000,0.000000
y : -993.434441,9.388044,56.080313,-0.220859,0.000000,0.018248,-0.953742,0.018860,0.000000,0.000000
Left eye
x : -231.560863,60.205261,-21.060064,0.000000,0.647647,-0.015747,-0.375811,0.016903,0.000000,0.000000
y : -773.908283,0.000000,38.597998,0.168825,0.296554,0.000000,-0.261947,-0.045422,0.002198,0.000000
