
Saved Coefficients
Right eye
x : -435.958714,65.839976,0.000000,-0.656768,0.000000,0.009241,-0.360072,0.030412,-0.000522,0.000000
y : -975.389287,0.695540,57.182130,-0.273028,0.000000,0.000000,-0.090546,0.036850,-0.001025,0.000000
Left eye
x : -461.331364,59.091944,0.000000,-0.505440,0.032487,0.008165,0.000000,0.014575,-0.000524,0.000000
y : -910.377601,0.000000,55.016508,-0.051306,0.000000,0.011614,-0.582824,0.024356,-0.000455,0.000000

Saved Coefficients
Right eye
x : -401.063013,64.243582,0.000000,-0.821660,-0.034259,0.016318,-0.367563,0.022256,0.000000,0.000000
y : -993.434441,9.388044,56.080313,-0.220859,0.000000,0.018248,-0.953742,0.018860,0.000000,0.000000
Left eye
x : -231.560863,60.205261,-21.060064,0.000000,0.647647,-0.015747,-0.375811,0.016903,0.000000,0.000000
y : -773.908283,0.000000,38.597998,0.168825,0.296554,0.000000,-0.261947,-0.045422,0.002198,0.000000

Saved Coefficients
Right eye
	x : 558.472692,63.059191,-99.339538,-0.315858,2.229062,0.009735,-0.613586,0.000000,0.000000
	y : -364.163781,-35.378599,-11.537847,0.017061,1.168810,-0.057388,2.830781,0.000000,0.000000
Left eye
	x : -663.701029,47.244774,10.324346,-0.101739,-0.158866,0.000404,-0.118563,0.000000,0.000000
	y : -868.085821,-11.917759,35.074931,0.103253,0.180627,-0.016809,0.644751,0.000000,0.000000
Saved Coefficients
Right eye
	x : 558.472692,63.059191,-99.339538,-0.315858,2.229062,0.009735,-0.613586,0.000000,0.000000
	y : -364.163781,-35.378599,-11.537847,0.017061,1.168810,-0.057388,2.830781,0.000000,0.000000
Left eye
	x : -663.701029,47.244774,10.324346,-0.101739,-0.158866,0.000404,-0.118563,0.000000,0.000000
	y : -868.085821,-11.917759,35.074931,0.103253,0.180627,-0.016809,0.644751,0.000000,0.000000
Saved Coefficients
Right eye
	x : 75.000000,61.812966,-59.966619,1.099332,1.552528,-0.033505,-0.917629,0.000000,0.000000
	y : -0.000000,76.427913,-53.771310,0.395836,2.539037,-0.016304,-3.493277,0.000000,0.000000
Left eye
	x : -1492.210794,66.271410,62.338877,-1.554854,-1.155302,0.042271,-0.282961,0.000000,0.000000
	y : -1190.373734,-5.646198,60.617829,0.031487,-0.319091,-0.005377,0.122411,0.000000,0.000000
Saved Coefficients
Right eye
	x : 75.000000,61.812966,-59.966619,1.099332,1.552528,-0.033505,-0.917629,0.000000,0.000000
	y : -0.000000,76.427913,-53.771310,0.395836,2.539037,-0.016304,-3.493277,0.000000,0.000000
Left eye
	x : -1492.210794,66.271410,62.338877,-1.554854,-1.155302,0.042271,-0.282961,0.000000,0.000000
	y : -1190.373734,-5.646198,60.617829,0.031487,-0.319091,-0.005377,0.122411,0.000000,0.000000
Saved Coefficients
Right eye
	x : -522.231678,46.222318,1.851163,-0.111659,-0.006967,0.003721,-0.052709,0.000000,0.000000
	y : -879.080239,-19.259452,33.495305,0.079603,0.226597,-0.027007,1.324424,0.000000,0.000000
Left eye
	x : -621.492760,48.874353,8.132668,-0.123915,-0.099964,0.001045,-0.184505,0.000000,0.000000
	y : -869.435990,-14.332972,34.274920,0.089371,0.221455,-0.024341,0.955956,0.000000,0.000000
Saved Coefficients
Right eye
	x : -522.231678,46.222318,1.851163,-0.111659,-0.006967,0.003721,-0.052709,0.000000,0.000000
	y : -879.080239,-19.259452,33.495305,0.079603,0.226597,-0.027007,1.324424,0.000000,0.000000
Left eye
	x : -621.492760,48.874353,8.132668,-0.123915,-0.099964,0.001045,-0.184505,0.000000,0.000000
	y : -869.435990,-14.332972,34.274920,0.089371,0.221455,-0.024341,0.955956,0.000000,0.000000
Saved Coefficients
Right eye
	x : -50.000000,5.610933,0.000000,0.000000,0.175342,0.000000,0.500000,0.000000,0.000000
	y : -29.166667,0.000000,-0.000000,1.494336,-0.198867,-0.046698,0.198867,-0.006215,0.000000
Left eye
	x : -0.000000,1.616676,-32.807260,1.288302,0.214852,-0.037012,1.471174,0.000000,0.000000
	y : 0.000000,-76.776678,46.574251,-0.114946,-2.025225,0.143127,-0.129299,0.000000,0.000000
Saved Coefficients
Right eye
	x : -50.000000,5.610933,0.000000,0.000000,0.175342,0.000000,0.500000,0.000000,0.000000
	y : -29.166667,0.000000,-0.000000,1.494336,-0.198867,-0.046698,0.198867,-0.006215,0.000000
Left eye
	x : -0.000000,1.616676,-32.807260,1.288302,0.214852,-0.037012,1.471174,0.000000,0.000000
	y : 0.000000,-76.776678,46.574251,-0.114946,-2.025225,0.143127,-0.129299,0.000000,0.000000
Saved Coefficients
Right eye
	x : -598.091040,49.030539,8.863706,-0.139817,-0.136849,0.002960,-0.083162,0.000000,0.000000
	y : -977.957497,-9.274866,42.094513,0.000533,0.054427,-0.008899,0.519069,0.000000,0.000000
Left eye
	x : -608.758771,46.489939,6.224230,-0.131354,-0.079168,0.002930,-0.103611,0.000000,0.000000
	y : -927.280331,-8.764036,41.387392,0.090706,0.031172,-0.007997,0.282670,0.000000,0.000000
Saved Coefficients
Right eye
	x : -598.091040,49.030539,8.863706,-0.139817,-0.136849,0.002960,-0.083162,0.000000,0.000000
	y : -977.957497,-9.274866,42.094513,0.000533,0.054427,-0.008899,0.519069,0.000000,0.000000
Left eye
	x : -608.758771,46.489939,6.224230,-0.131354,-0.079168,0.002930,-0.103611,0.000000,0.000000
	y : -927.280331,-8.764036,41.387392,0.090706,0.031172,-0.007997,0.282670,0.000000,0.000000
Saved Coefficients
Right eye
	x : -529.006156,47.212699,4.620873,-0.026581,-0.056602,0.000294,-0.055389,0.000000,0.000000
	y : -999.434744,-12.787586,44.178600,-0.011115,0.025632,-0.014944,0.813992,0.000000,0.000000
Left eye
	x : -699.264357,45.762160,14.191549,0.016844,-0.248630,-0.002859,-0.083519,0.000000,0.000000
	y : -946.039879,-6.278669,41.624747,0.028403,0.067192,-0.008373,0.241993,0.000000,0.000000
Saved Coefficients
Right eye
	x : -529.006156,47.212699,4.620873,-0.026581,-0.056602,0.000294,-0.055389,0.000000,0.000000
	y : -999.434744,-12.787586,44.178600,-0.011115,0.025632,-0.014944,0.813992,0.000000,0.000000
Left eye
	x : -699.264357,45.762160,14.191549,0.016844,-0.248630,-0.002859,-0.083519,0.000000,0.000000
	y : -946.039879,-6.278669,41.624747,0.028403,0.067192,-0.008373,0.241993,0.000000,0.000000
Saved Coefficients
Right eye
	x : -562.906993,48.816609,6.694366,-0.104472,-0.081419,0.004410,-0.148397,0.000000,0.000000
	y : -1023.722579,-4.421257,48.019904,0.051568,-0.096765,0.001837,-0.007006,0.000000,0.000000
Left eye
	x : -582.578107,45.888681,4.400354,-0.089262,-0.044107,0.000606,-0.087179,0.000000,0.000000
	y : -956.596192,-10.533289,43.516057,0.098332,-0.030082,-0.011264,0.457108,0.000000,0.000000
Saved Coefficients
Right eye
	x : -562.906993,48.816609,6.694366,-0.104472,-0.081419,0.004410,-0.148397,0.000000,0.000000
	y : -1023.722579,-4.421257,48.019904,0.051568,-0.096765,0.001837,-0.007006,0.000000,0.000000
Left eye
	x : -582.578107,45.888681,4.400354,-0.089262,-0.044107,0.000606,-0.087179,0.000000,0.000000
	y : -956.596192,-10.533289,43.516057,0.098332,-0.030082,-0.011264,0.457108,0.000000,0.000000
Saved Coefficients
Right eye
	x : -109.090909,50.651894,153.478435,-5.240502,0.778935,0.072377,-4.200178,0.000000,0.000000
	y : -31.818182,-12.417763,16.122596,-0.954200,-0.724609,0.051935,0.448832,0.000000,0.000000
Left eye
	x : 187.500000,50.802739,-59.788011,10.895223,1.120332,-0.728992,-0.811570,0.000000,0.000000
	y : -109.375000,37.993212,-24.667951,-1.025331,1.297903,0.017378,-1.576560,0.000000,0.000000
Saved Coefficients
Right eye
	x : -109.090909,50.651894,153.478435,-5.240502,0.778935,0.072377,-4.200178,0.000000,0.000000
	y : -31.818182,-12.417763,16.122596,-0.954200,-0.724609,0.051935,0.448832,0.000000,0.000000
Left eye
	x : 187.500000,50.802739,-59.788011,10.895223,1.120332,-0.728992,-0.811570,0.000000,0.000000
	y : -109.375000,37.993212,-24.667951,-1.025331,1.297903,0.017378,-1.576560,0.000000,0.000000
Saved Coefficients
Right eye
	x : 194.846503,47.722032,-65.140798,-2.494618,1.535774,0.000000,0.000000,0.265843,-0.006926
	y : 111.642413,35.162052,-56.533142,-2.509041,2.289847,0.000000,-1.597825,0.117553,0.000000
Left eye
	x : -609.560693,52.465121,0.000000,-0.847878,0.015930,0.009262,0.000000,0.032425,-0.000751
	y : -1001.809992,0.000000,43.946611,-0.469695,0.000000,0.001802,-0.310321,0.038201,-0.000592
Saved Coefficients
Right eye
	x : 194.846503,47.722032,-65.140798,-2.494618,1.535774,0.000000,0.000000,0.265843,-0.006926
	y : 111.642413,35.162052,-56.533142,-2.509041,2.289847,0.000000,-1.597825,0.117553,0.000000
Left eye
	x : -609.560693,52.465121,0.000000,-0.847878,0.015930,0.009262,0.000000,0.032425,-0.000751
	y : -1001.809992,0.000000,43.946611,-0.469695,0.000000,0.001802,-0.310321,0.038201,-0.000592
Saved Coefficients
Right eye
	x : 60.000000,668.639678,0.000000,9.940276,-1.383521,-0.446383,-23.769686,0.000000,-0.014160
	y : 35.000000,-28.306264,-17.976867,-3.972257,0.323493,0.662308,0.000000,-0.242217,0.000000
Left eye
	x : 523.453493,47.872845,-93.837201,-6.560427,1.874727,0.000000,0.000000,0.542465,-0.011011
	y : -45.156756,-73.304116,-49.970874,0.000000,2.010571,-0.142352,6.456265,0.000000,0.000176
Saved Coefficients
Right eye
	x : 60.000000,668.639678,0.000000,9.940276,-1.383521,-0.446383,-23.769686,0.000000,-0.014160
	y : 35.000000,-28.306264,-17.976867,-3.972257,0.323493,0.662308,0.000000,-0.242217,0.000000
Left eye
	x : 523.453493,47.872845,-93.837201,-6.560427,1.874727,0.000000,0.000000,0.542465,-0.011011
	y : -45.156756,-73.304116,-49.970874,0.000000,2.010571,-0.142352,6.456265,0.000000,0.000176
Saved Coefficients
Right eye
	x : 0.012945,56.702764,-62.005883,-1.528927,1.694512,0.043421,0.000000,0.000000,-0.000616
	y : 58.272775,0.000000,-71.939691,-2.200516,2.951614,-0.157094,3.402180,0.111004,0.000000
Left eye
	x : 495.075706,49.800949,-86.377030,-6.094639,1.573643,0.000000,0.000000,0.432643,-0.007911
	y : -60.982050,0.000000,-45.385411,-3.472580,1.857418,-0.100601,2.614705,0.130233,0.000000
Saved Coefficients
Right eye
	x : 0.012945,56.702764,-62.005883,-1.528927,1.694512,0.043421,0.000000,0.000000,-0.000616
	y : 58.272775,0.000000,-71.939691,-2.200516,2.951614,-0.157094,3.402180,0.111004,0.000000
Left eye
	x : 495.075706,49.800949,-86.377030,-6.094639,1.573643,0.000000,0.000000,0.432643,-0.007911
	y : -60.982050,0.000000,-45.385411,-3.472580,1.857418,-0.100601,2.614705,0.130233,0.000000
Saved Coefficients
Right eye
	x : 75.000000,862.662482,-29.939148,0.000000,0.000000,0.071640,-44.851992,-2.717874,0.146397
	y : 131.250000,0.000000,-67.530216,-1.363108,2.154903,0.007755,-0.713496,0.126740,0.000000
Left eye
	x : 238.473043,61.908266,-53.401340,-2.799529,0.846988,0.067790,0.000000,0.000000,0.000312
	y : 137.848628,12.315505,-49.998742,-10.581715,1.565566,0.000000,0.000000,0.681381,-0.011575
Saved Coefficients
Right eye
	x : 0.000000,-93.781998,88.478090,-1.410955,-9.941682,0.001344,13.657132,0.000000,0.000000
	y : 77.777778,51.496130,-104.505411,-3.642495,4.679349,-0.166168,0.000000,0.266009,0.000000
Left eye
	x : 262.500000,-407.392112,-46.274400,12.763603,0.000000,-0.467840,22.760928,-0.367590,0.000000
	y : 21.875000,-58.398582,-57.570422,43.371955,3.984533,-0.868634,0.000000,0.000000,-0.033573
Saved Coefficients
Right eye
	x : 85.714286,171.008702,-21.083928,-24.195510,0.220194,0.780279,1.215167,0.000000,0.000000
	y : 0.000000,-76.478791,-60.941623,-0.214879,2.685232,-0.230110,9.319325,0.000000,0.000000
Left eye
	x : 568.061295,5.475849,-112.501215,0.000000,2.325780,0.000000,1.834431,0.048621,-0.002255
	y : -357.262849,-33.735371,-12.882617,0.000000,1.305888,-0.076415,3.265039,0.000000,-0.000062
Saved Coefficients
Right eye
	x : 49.624382,29.887089,-87.606366,-1.808646,2.736542,0.000000,0.000000,0.325204,-0.010463
	y : 145.713714,-61.244375,-90.546988,0.373076,4.096570,-0.245569,7.528937,0.000000,0.000000
Left eye
	x : 570.761906,46.481094,-118.785959,-2.986626,2.579500,0.000000,0.000000,0.247156,-0.005163
	y : -359.355840,-15.601685,-9.521434,-0.026785,1.135944,-0.032674,1.444766,0.000000,0.000000
Saved Coefficients
Right eye
	x : 49.624382,29.887089,-87.606366,-1.808646,2.736542,0.000000,0.000000,0.325204,-0.010463
	y : 145.713714,-61.244375,-90.546988,0.373076,4.096570,-0.245569,7.528937,0.000000,0.000000
Left eye
	x : 570.761906,46.481094,-118.785959,-2.986626,2.579500,0.000000,0.000000,0.247156,-0.005163
	y : -359.355840,-15.601685,-9.521434,-0.026785,1.135944,-0.032674,1.444766,0.000000,0.000000
Saved Coefficients
Right eye
	x : -81.818182,-4.990882,-54.869065,-0.721188,-0.034296,0.042107,2.112584,0.000000,0.000000
	y : -15.909091,25.862172,-20.131428,0.120642,4.536205,-0.118541,0.000000,0.000000,-0.002771
Left eye
	x : 493.383932,58.268226,-113.329361,-6.475493,2.537210,0.000000,0.000000,0.548095,-0.012232
	y : -62.626803,9.866647,-38.442896,-4.774525,1.785351,0.000000,0.000000,0.397068,-0.008880
Saved Coefficients
Right eye
	x : -81.818182,-4.990882,-54.869065,-0.721188,-0.034296,0.042107,2.112584,0.000000,0.000000
	y : -15.909091,25.862172,-20.131428,0.120642,4.536205,-0.118541,0.000000,0.000000,-0.002771
Left eye
	x : 493.383932,58.268226,-113.329361,-6.475493,2.537210,0.000000,0.000000,0.548095,-0.012232
	y : -62.626803,9.866647,-38.442896,-4.774525,1.785351,0.000000,0.000000,0.397068,-0.008880
Saved Coefficients
Right eye
	x : 112.500000,7.065922,-46.506813,-0.275294,0.692806,0.000032,2.025035,0.000000,0.000000
	y : -21.875000,-37.847114,-35.801231,-0.085131,1.730201,0.006158,0.000000,0.168534,0.000000
Left eye
	x : 570.951420,41.179246,-116.151623,-2.601881,2.557478,0.000000,0.000000,0.255343,-0.005663
	y : -15.181010,-47.470672,-45.673012,0.000000,2.009977,-0.113150,4.653175,0.000000,0.000215
Saved Coefficients
Right eye
	x : 112.500000,7.065922,-46.506813,-0.275294,0.692806,0.000032,2.025035,0.000000,0.000000
	y : -21.875000,-37.847114,-35.801231,-0.085131,1.730201,0.006158,0.000000,0.168534,0.000000
Left eye
	x : 570.951420,41.179246,-116.151623,-2.601881,2.557478,0.000000,0.000000,0.255343,-0.005663
	y : -15.181010,-47.470672,-45.673012,0.000000,2.009977,-0.113150,4.653175,0.000000,0.000215
Saved Coefficients
Right eye
	x : 0.000000,0.000000,0.000000,0.000000,0.000000,0.000000,0.000000,0.000000,0.000000
	y : 0.000000,0.000000,0.000000,0.000000,0.000000,0.000000,0.000000,0.000000,0.000000
Left eye
	x : 0.000000,0.000000,0.000000,0.000000,0.000000,0.000000,0.000000,0.000000,0.000000
	y : 0.000000,0.000000,0.000000,0.000000,0.000000,0.000000,0.000000,0.000000,0.000000
Saved Coefficients
Right eye
	x : 0.000000,0.000000,0.000000,0.000000,0.000000,0.000000,0.000000,0.000000,0.000000
	y : 0.000000,0.000000,0.000000,0.000000,0.000000,0.000000,0.000000,0.000000,0.000000
Left eye
	x : 0.000000,0.000000,0.000000,0.000000,0.000000,0.000000,0.000000,0.000000,0.000000
	y : 0.000000,0.000000,0.000000,0.000000,0.000000,0.000000,0.000000,0.000000,0.000000
Saved Coefficients
Right eye
	x : 0.000000,0.000000,0.000000,0.000000,0.000000,0.000000,0.000000,0.000000,0.000000
	y : 0.000000,0.000000,0.000000,0.000000,0.000000,0.000000,0.000000,0.000000,0.000000
Left eye
	x : 0.000000,0.000000,0.000000,0.000000,0.000000,0.000000,0.000000,0.000000,0.000000
	y : 0.000000,0.000000,0.000000,0.000000,0.000000,0.000000,0.000000,0.000000,0.000000
Saved Coefficients
Right eye
	x : 0.000000,0.000000,0.000000,0.000000,0.000000,0.000000,0.000000,0.000000,0.000000
	y : 0.000000,0.000000,0.000000,0.000000,0.000000,0.000000,0.000000,0.000000,0.000000
Left eye
	x : 0.000000,0.000000,0.000000,0.000000,0.000000,0.000000,0.000000,0.000000,0.000000
	y : 0.000000,0.000000,0.000000,0.000000,0.000000,0.000000,0.000000,0.000000,0.000000
Saved Coefficients
Right eye
	x : 0.000000,0.000000,0.000000,0.000000,0.000000,0.000000,0.000000,0.000000,0.000000
	y : 0.000000,0.000000,0.000000,0.000000,0.000000,0.000000,0.000000,0.000000,0.000000
Left eye
	x : 0.000000,0.000000,0.000000,0.000000,0.000000,0.000000,0.000000,0.000000,0.000000
	y : 0.000000,0.000000,0.000000,0.000000,0.000000,0.000000,0.000000,0.000000,0.000000
Saved Coefficients
Right eye
	x : 75.000000,28.191020,-62.731799,0.253781,2.470354,0.016733,1.341428,0.000000,0.000000
	y : 87.500000,-9.354312,-128.996755,7.281972,7.327882,0.077581,0.000000,-0.468883,0.000000
Left eye
	x : 357.149699,-491.330725,-73.793373,18.854039,0.000000,0.828587,42.204270,-2.469979,0.000000
	y : 67.357797,-98.180185,-49.223606,2.210502,2.037150,0.000000,6.631187,0.000000,-0.009844
Saved Coefficients
Right eye
	x : 75.000000,28.191020,-62.731799,0.253781,2.470354,0.016733,1.341428,0.000000,0.000000
	y : 87.500000,-9.354312,-128.996755,7.281972,7.327882,0.077581,0.000000,-0.468883,0.000000
Left eye
	x : 357.149699,-491.330725,-73.793373,18.854039,0.000000,0.828587,42.204270,-2.469979,0.000000
	y : 67.357797,-98.180185,-49.223606,2.210502,2.037150,0.000000,6.631187,0.000000,-0.009844
Saved Coefficients
Right eye
	x : 0.000000,0.000000,0.000000,0.000000,0.000000,0.000000,0.000000,0.000000,0.000000
	y : 0.000000,0.000000,0.000000,0.000000,0.000000,0.000000,0.000000,0.000000,0.000000
Left eye
	x : 0.000000,0.000000,0.000000,0.000000,0.000000,0.000000,0.000000,0.000000,0.000000
	y : 0.000000,0.000000,0.000000,0.000000,0.000000,0.000000,0.000000,0.000000,0.000000
Saved Coefficients
Right eye
	x : 0.000000,0.000000,0.000000,0.000000,0.000000,0.000000,0.000000,0.000000,0.000000
	y : 0.000000,0.000000,0.000000,0.000000,0.000000,0.000000,0.000000,0.000000,0.000000
Left eye
	x : 0.000000,0.000000,0.000000,0.000000,0.000000,0.000000,0.000000,0.000000,0.000000
	y : 0.000000,0.000000,0.000000,0.000000,0.000000,0.000000,0.000000,0.000000,0.000000
Saved Coefficients
Right eye
	x : 0.000000,0.000000,0.000000,0.000000,0.000000,0.000000,0.000000,0.000000,0.000000
	y : 0.000000,0.000000,0.000000,0.000000,0.000000,0.000000,0.000000,0.000000,0.000000
Left eye
	x : 0.000000,0.000000,0.000000,0.000000,0.000000,0.000000,0.000000,0.000000,0.000000
	y : 0.000000,0.000000,0.000000,0.000000,0.000000,0.000000,0.000000,0.000000,0.000000
Saved Coefficients
Right eye
	x : 0.000000,0.000000,0.000000,0.000000,0.000000,0.000000,0.000000,0.000000,0.000000
	y : 0.000000,0.000000,0.000000,0.000000,0.000000,0.000000,0.000000,0.000000,0.000000
Left eye
	x : 0.000000,0.000000,0.000000,0.000000,0.000000,0.000000,0.000000,0.000000,0.000000
	y : 0.000000,0.000000,0.000000,0.000000,0.000000,0.000000,0.000000,0.000000,0.000000
Saved Coefficients
Right eye
	x : 497.233985,54.424310,-110.466531,-10.774197,2.818630,0.000000,0.000000,1.089348,-0.027459
	y : -62.580101,0.000000,-47.979695,-5.050556,2.481800,-0.168170,3.379153,0.278783,0.000000
Left eye
	x : 570.370180,48.475776,-122.704869,-2.719456,2.779209,0.000000,0.000000,0.256071,-0.006131
	y : 331.325121,-67.622097,-82.321828,0.000000,2.864547,-0.157393,6.873113,0.000000,-0.000267
Saved Coefficients
Right eye
	x : 497.233985,54.424310,-110.466531,-10.774197,2.818630,0.000000,0.000000,1.089348,-0.027459
	y : -62.580101,0.000000,-47.979695,-5.050556,2.481800,-0.168170,3.379153,0.278783,0.000000
Left eye
	x : 570.370180,48.475776,-122.704869,-2.719456,2.779209,0.000000,0.000000,0.256071,-0.006131
	y : 331.325121,-67.622097,-82.321828,0.000000,2.864547,-0.157393,6.873113,0.000000,-0.000267
Saved Coefficients
Right eye
	x : 593.087795,63.026168,-124.743147,-8.272732,3.192412,0.000000,0.000000,0.774882,-0.019807
	y : -178.337261,0.000000,-36.582889,-7.490863,2.235458,0.005671,0.000000,0.843571,-0.022512
Left eye
	x : -682.636695,52.933420,0.000000,-0.503644,0.065658,0.000000,-0.268137,0.026603,-0.000419
	y : -993.965147,9.711742,47.146179,-0.449547,0.000000,0.000000,-0.444505,0.029803,-0.000476
Saved Coefficients
Right eye
	x : 593.087795,63.026168,-124.743147,-8.272732,3.192412,0.000000,0.000000,0.774882,-0.019807
	y : -178.337261,0.000000,-36.582889,-7.490863,2.235458,0.005671,0.000000,0.843571,-0.022512
Left eye
	x : -682.636695,52.933420,0.000000,-0.503644,0.065658,0.000000,-0.268137,0.026603,-0.000419
	y : -993.965147,9.711742,47.146179,-0.449547,0.000000,0.000000,-0.444505,0.029803,-0.000476
Saved Coefficients
Right eye
	x : 275.510257,46.325121,-88.490895,-1.804289,2.125678,0.000000,0.000000,0.200453,-0.005072
	y : 147.483967,-55.913077,-64.785445,0.170816,2.646791,-0.135764,5.596793,0.000000,0.000000
Left eye
	x : 434.414289,60.556656,-112.606962,-3.274185,2.568649,0.000000,0.000000,0.274180,-0.006575
	y : 80.932087,-73.350533,-55.545852,0.000000,2.223222,-0.158474,7.190181,0.000000,-0.000399
Saved Coefficients
Right eye
	x : 141.109951,47.593556,-72.072932,-2.406321,1.788015,0.000000,0.000000,0.278808,-0.007272
	y : 75.746833,-61.110610,-63.243916,0.000000,2.883614,-0.186084,6.935045,0.007441,0.000000
Left eye
	x : -628.389732,53.822015,-0.739775,-0.592768,0.000000,0.000000,-0.198192,0.034919,-0.000680
	y : -912.903324,0.000000,45.402282,-0.114239,0.000000,0.011505,-0.374144,0.022803,-0.000686
Saved Coefficients
Right eye
	x : 435.445694,52.343176,-110.901413,-3.027316,2.901773,0.000000,0.000000,0.343482,-0.009501
	y : 76.388732,-69.395546,-62.589405,0.000000,2.819571,-0.205367,8.067287,0.000000,-0.000432
Left eye
	x : -751.814903,55.049035,10.169615,-0.230430,-0.220300,0.000000,-0.321114,0.000000,0.000226
	y : -976.759856,5.279480,51.571797,-0.178584,-0.119183,0.000000,-0.332473,0.008029,0.000000
Saved Coefficients
Right eye
	x : -491.214032,55.667820,2.512110,0.000000,-0.086114,-0.009285,-0.365649,0.013804,0.000000
	y : -887.945216,2.891279,47.723689,0.000000,0.095646,0.000000,-0.281788,-0.010216,0.000955
Left eye
	x : -701.686333,55.341487,10.132502,0.000000,-0.241446,-0.008556,-0.304665,0.000000,0.000244
	y : -898.037244,0.000000,47.217711,-0.223141,0.000000,0.009293,-0.355941,0.039001,-0.001115
Saved Coefficients
Right eye
	x : -491.214032,55.667820,2.512110,0.000000,-0.086114,-0.009285,-0.365649,0.013804,0.000000
	y : -887.945216,2.891279,47.723689,0.000000,0.095646,0.000000,-0.281788,-0.010216,0.000955
Left eye
	x : -701.686333,55.341487,10.132502,0.000000,-0.241446,-0.008556,-0.304665,0.000000,0.000244
	y : -898.037244,0.000000,47.217711,-0.223141,0.000000,0.009293,-0.355941,0.039001,-0.001115
Saved Coefficients
Right eye
	x : -9.313576,76.314255,-67.733596,0.000000,1.813301,-0.029278,0.000000,-0.067023,0.002010
	y : 328.867175,-6.668711,-93.742216,-3.272061,3.831726,0.000000,0.000000,0.410342,-0.010722
Left eye
	x : -16.234967,84.423247,-66.708058,0.000000,1.730817,-0.016846,0.000000,-0.143928,0.003817
	y : 329.180069,0.000000,-94.019547,-2.116156,3.882955,0.000000,-0.366682,0.262317,-0.006829
Saved Coefficients
Right eye
	x : 568.345320,53.829921,-130.406908,-4.166942,3.455926,0.000000,0.000000,0.483781,-0.013854
	y : 322.810955,-81.427043,-92.603159,0.000000,3.742385,-0.242574,9.440400,0.000000,-0.000526
Left eye
	x : -608.334136,63.044625,1.296926,-0.683407,0.000000,0.000000,-0.604182,0.033365,-0.000367
	y : -848.059118,0.000000,42.214715,-0.139153,0.179080,0.000000,-0.225693,0.024799,-0.000564
Saved Coefficients
Right eye
	x : -649.437046,49.444091,11.934988,-0.206739,-0.328983,0.009491,-0.034805,0.000000,0.000000
	y : -1005.173494,0.919255,55.879472,0.000000,-0.155603,0.002439,-0.194010,0.003997,0.000000
Left eye
	x : -569.177116,53.705098,10.757694,-0.684897,-0.320053,0.013535,0.000000,0.000000,0.000051
	y : -928.874499,8.712432,47.806910,-0.642195,0.000000,0.000000,-0.520415,0.055584,-0.001023
Saved Coefficients
Right eye
	x : -649.437046,49.444091,11.934988,-0.206739,-0.328983,0.009491,-0.034805,0.000000,0.000000
	y : -1005.173494,0.919255,55.879472,0.000000,-0.155603,0.002439,-0.194010,0.003997,0.000000
Left eye
	x : -569.177116,53.705098,10.757694,-0.684897,-0.320053,0.013535,0.000000,0.000000,0.000051
	y : -928.874499,8.712432,47.806910,-0.642195,0.000000,0.000000,-0.520415,0.055584,-0.001023
Saved Coefficients
Right eye
	x : -561.132680,55.601558,0.000000,-1.100884,0.000000,0.017280,-0.234157,0.061129,-0.001345
	y : -1021.914269,0.000000,57.674088,-0.387953,-0.212411,-0.005216,0.000000,0.040330,-0.000581
Left eye
	x : -531.700594,54.722782,4.340309,-0.548441,-0.115804,0.009808,-0.078018,0.000000,0.000000
	y : -803.871470,0.000000,37.219461,-0.294085,0.319605,-0.008056,0.000000,0.038304,-0.000863
Saved Coefficients
Right eye
	x : -561.132680,55.601558,0.000000,-1.100884,0.000000,0.017280,-0.234157,0.061129,-0.001345
	y : -1021.914269,0.000000,57.674088,-0.387953,-0.212411,-0.005216,0.000000,0.040330,-0.000581
Left eye
	x : -531.700594,54.722782,4.340309,-0.548441,-0.115804,0.009808,-0.078018,0.000000,0.000000
	y : -803.871470,0.000000,37.219461,-0.294085,0.319605,-0.008056,0.000000,0.038304,-0.000863
Saved Coefficients
Right eye
	x : -712.192509,44.272339,16.176795,0.289324,-0.467914,0.000000,0.323927,-0.014198,0.000000
	y : -1182.553042,5.596020,72.566675,0.000000,-0.571033,0.014886,-0.635411,0.000000,0.000192
Left eye
	x : -610.209718,54.972710,9.771727,-0.507652,-0.234286,0.011230,-0.139057,0.000000,0.000000
	y : -965.749378,10.075964,49.377231,-0.560061,0.000000,0.000000,-0.583515,0.041205,-0.000592
Saved Coefficients
Right eye
	x : -556.353499,35.463250,0.000000,0.000000,0.017635,-0.025567,0.500200,0.141593,-0.005270
	y : -1255.192934,0.000000,82.024771,0.919372,-0.837316,-0.012467,0.000000,-0.118261,0.004268
Left eye
	x : -519.985402,64.243802,1.191366,-0.784788,0.000000,0.004460,-0.328324,0.008641,0.000000
	y : -985.386877,5.560519,49.768940,-0.299260,0.000000,0.000000,-0.368383,0.025302,-0.000437
Saved Coefficients
Right eye
	x : -556.353499,35.463250,0.000000,0.000000,0.017635,-0.025567,0.500200,0.141593,-0.005270
	y : -1255.192934,0.000000,82.024771,0.919372,-0.837316,-0.012467,0.000000,-0.118261,0.004268
Left eye
	x : -519.985402,64.243802,1.191366,-0.784788,0.000000,0.004460,-0.328324,0.008641,0.000000
	y : -985.386877,5.560519,49.768940,-0.299260,0.000000,0.000000,-0.368383,0.025302,-0.000437
Saved Coefficients
Right eye
	x : -582.441201,49.511898,3.262259,0.000000,-0.093449,-0.007344,0.000000,0.026168,-0.000726
	y : -958.855001,0.000000,47.743012,-0.669398,0.060513,0.003204,0.000000,0.062053,-0.001474
Left eye
	x : -641.240118,50.996400,16.479120,0.000000,-0.438876,-0.008303,-0.166506,0.000000,0.000235
	y : -878.372665,4.022520,41.176934,-0.304178,0.200158,-0.013455,0.000000,0.013943,0.000000
Saved Coefficients
Right eye
	x : -582.441201,49.511898,3.262259,0.000000,-0.093449,-0.007344,0.000000,0.026168,-0.000726
	y : -958.855001,0.000000,47.743012,-0.669398,0.060513,0.003204,0.000000,0.062053,-0.001474
Left eye
	x : -641.240118,50.996400,16.479120,0.000000,-0.438876,-0.008303,-0.166506,0.000000,0.000235
	y : -878.372665,4.022520,41.176934,-0.304178,0.200158,-0.013455,0.000000,0.013943,0.000000
Saved Coefficients
Right eye
	x : -584.315237,48.072842,0.000000,0.358898,0.000000,-0.017330,-0.162796,0.025096,-0.000507
	y : -997.254273,8.654950,50.581056,-0.390083,0.000000,0.003048,-0.530368,0.021355,0.000000
Left eye
	x : -500.796072,57.362462,0.000000,-0.872991,0.000000,0.010455,-0.281201,0.029820,-0.000512
	y : -943.629344,7.088409,48.920799,-0.557313,0.000000,0.000000,-0.438711,0.046002,-0.000813
Saved Coefficients
Right eye
	x : -584.315237,48.072842,0.000000,0.358898,0.000000,-0.017330,-0.162796,0.025096,-0.000507
	y : -997.254273,8.654950,50.581056,-0.390083,0.000000,0.003048,-0.530368,0.021355,0.000000
Left eye
	x : -500.796072,57.362462,0.000000,-0.872991,0.000000,0.010455,-0.281201,0.029820,-0.000512
	y : -943.629344,7.088409,48.920799,-0.557313,0.000000,0.000000,-0.438711,0.046002,-0.000813